TIMESTAMP, TOTAL, USED, FREE, SHARED, BUFFER/CACHE, AVAILABLE
1537896761, 8079476, 6062832, 120820, 821244, 1895824, 796796
1537896762, 8079476, 5998516, 180168, 823272, 1900792, 855772
1537896763, 8079476, 5998280, 181024, 824076, 1900172, 856448
1537896764, 8079476, 5894420, 284200, 825416, 1900856, 959472
1537896765, 8079476, 5912200, 269204, 822940, 1898072, 943984
1537896767, 8079476, 5953224, 220980, 829796, 1905272, 895460
1537896768, 8079476, 5889328, 292588, 822376, 1897560, 966908
1537896769, 8079476, 5901944, 281336, 821852, 1896196, 955964
1537896771, 8079476, 5945748, 231664, 826812, 1902064, 906992
1537896772, 8079476, 5931256, 225676, 826792, 1922544, 944048
1537896774, 8079476, 5953872, 194748, 823264, 1930856, 924728
1537896775, 8079476, 5929508, 214120, 822968, 1935848, 949008
1537896776, 8079476, 5932788, 207460, 822288, 1939228, 946172
1537896778, 8079476, 5910104, 221576, 824196, 1947796, 967084
1537896779, 8079476, 5943836, 189252, 821236, 1946388, 935564
1537896780, 8079476, 5918540, 214508, 821620, 1946428, 962072
1537896782, 8079476, 5911892, 221380, 823696, 1946204, 969376
1537896783, 8079476, 5966372, 164732, 824224, 1948372, 912608
1537896785, 8079476, 5915068, 216016, 823968, 1948392, 963512
1537896786, 8079476, 5946548, 186680, 822420, 1946248, 934176
1537896787, 8079476, 5918388, 213716, 823576, 1947372, 961452
1537896788, 8079476, 5913536, 220148, 820680, 1945792, 967788
1537896790, 8079476, 5945252, 190580, 820652, 1943644, 937972
1537896791, 8079476, 5992584, 140620, 821684, 1946272, 888316
1537896792, 8079476, 5954092, 178128, 823348, 1947256, 925808
1537896793, 8079476, 5901888, 223976, 823356, 1953612, 977860
1537896795, 8079476, 5918648, 198168, 830228, 1962660, 953724
1537896796, 8079476, 5999952, 123052, 828128, 1956472, 875132
1537896797, 8079476, 5906744, 216504, 828352, 1956228, 968432
1537896798, 8079476, 5897308, 225640, 828352, 1956528, 977560
1537896800, 8079476, 5923940, 198776, 828408, 1956760, 950696
1537896801, 8079476, 5995732, 133520, 829552, 1950224, 877536
1537896802, 8079476, 5941152, 187364, 829648, 1950960, 931412
1537896803, 8079476, 5977888, 143248, 837756, 1958340, 887312
1537896805, 8079476, 5920220, 200244, 838616, 1959012, 944192
1537896806, 8079476, 6005472, 132592, 831036, 1941412, 865264
1537896807, 8079476, 5912208, 215160, 843620, 1952108, 947300
1537896808, 8079476, 5988396, 150496, 831908, 1940584, 882508
11537896810, 8079476, 5956124, 184260, 830760, 1939092, 9162801537896811, 8079476, 5965312, 167840, 838220, 1946324, 900044
1537896812, 8079476, 5921828, 210200, 839408, 1947448, 942412
1537896814, 8079476, 5976808, 154232, 839408, 1948436, 886324
1537896815, 8079476, 5964356, 176664, 829328, 1938456, 908764
1537896816, 8079476, 5943344, 188892, 838220, 1947240, 920880
1537896818, 8079476, 5910940, 221424, 839408, 1947112, 953416
1537896819, 8079476, 5964452, 176804, 829332, 1938220, 908828
1537896820, 8079476, 5914616, 226132, 830244, 1938728, 958164
1537896822, 8079476, 5907372, 227836, 836284, 1944268, 959884
1537896823, 8079476, 5917972, 209432, 844388, 1952072, 941488
1537896824, 8079476, 5936120, 177472, 857580, 1965884, 909528
1537896826, 8079476, 5970756, 160328, 839888, 1948392, 892276
1537896827, 8079476, 5910188, 221852, 839860, 1947436, 953948
1537896828, 8079476, 5914892, 217648, 839504, 1946936, 949820
1537896830, 8079476, 5950064, 174272, 847532, 1955140, 906448
1537896831, 8079476, 5924500, 198044, 848112, 1956932, 930228
1537896832, 8079476, 5948852, 172976, 848908, 1957648, 905160
1537896834, 8079476, 5938572, 182956, 849532, 1957948, 915148
1537896835, 8079476, 5958136, 172796, 847716, 1948544, 897568
1537896836, 8079476, 5942372, 188680, 848132, 1948424, 913296
1537896837, 8079476, 5925268, 205128, 848668, 1949080, 929760
1537896839, 8079476, 5932376, 196276, 851188, 1950824, 920916
1537896840, 8079476, 5970152, 162352, 846828, 1946972, 887004
1537896842, 8079476, 5919940, 221384, 843880, 1938152, 938452
1537896843, 8079476, 5920776, 217752, 846472, 1940948, 934792
1537896843, 8079476, 5917592, 222772, 845332, 1939112, 939812
11537896843, 8079476, 5921968, 218168, 845332, 1939340, 935208
1537896843, 8079476, 5947768, 192368, 845332, 1939340, 909408
