TIMESTAMP, PID, COMMAND, KB_READ/S, KB_WRITE/S
1537903773, 17960, kworker/u8:5, 0.00, 0.00
1537903773, 27008, umbu, 0.00, 54027.72
1537903775, 274, jbd2/sda2-8, 0.00, 142.57
1537903775, 22604, nautilus, 0.00, 0.00
1537903775, 22695, gvfsd-metadata, 0.00, 59.41
1537903778, 18025, kworker/u8:4, 3.96, 0.00
1537903778, 22153, kworker/u8:0, 0.00, 0.00
1537903778, 26989, collect-cpu-usa, 0.00, 3.96
1537903779, 24026, kworker/u8:2, 0.00, 0.00
1537903780, 274, jbd2/sda2-8, 0.00, 80.00
1537903783, 17960, kworker/u8:5, 7.92, 0.00
1537903783, 26989, collect-cpu-usa, 0.00, 3.96
1537903783, 26991, collect-memory-, 0.00, 3.96
1537903784, 18025, kworker/u8:4, 0.00, 0.00
1537903785, 274, jbd2/sda2-8, 0.00, 35.64
1537903787, 27008, umbu, 0.00, 3.96
1537903788, 17960, kworker/u8:5, 0.00, 0.00
1537903788, 22153, kworker/u8:0, 0.00, 0.00
1537903790, 274, jbd2/sda2-8, 0.00, 0.00
1537903790, 24026, kworker/u8:2, 0.00, 0.00
1537903794, 27008, umbu, 0.00, 2043.56
1537903795, 274, jbd2/sda2-8, 0.00, 28.00
1537903795, 21534, opera, 120.00, 4.00
1537903795, 27008, umbu, 0.00, 2812.00
1537903795, 27318, opera_autoupdat, 112.00, 0.00
1537903796, 274, jbd2/sda2-8, 0.00, 0.00
1537903796, 18025, kworker/u8:4, 0.00, 0.00
1537903796, 27008, umbu, 0.00, 2784.16
1537903796, 27318, opera_autoupdat, 0.00, 19.80
1537903797, 274, jbd2/sda2-8, 0.00, 3.96
1537903797, 27008, umbu, 0.00, 2784.16
1537903797, 27318, opera_autoupdat, 0.00, 99.01
1537903798, 17960, kworker/u8:5, 0.00, 0.00
1537903798, 22153, kworker/u8:0, 0.00, 0.00
1537903798, 27008, umbu, 0.00, 2784.16
1537903799, 27008, umbu, 0.00, 2784.16
1537903800, 27008, umbu, 0.00, 2784.16
1537903801, 27008, umbu, 0.00, 2812.00
1537903802, 274, jbd2/sda2-8, 0.00, 0.00
1537903802, 24026, kworker/u8:2, 0.00, 0.00
1537903802, 27008, umbu, 0.00, 2954.46
1537903803, 27008, umbu, 0.00, 2970.30
1537903804, 18025, kworker/u8:4, 0.00, 0.00
1537903804, 27008, umbu, 0.00, 2970.30
1537903805, 27008, umbu, 0.00, 2970.30
1537903806, 27008, umbu, 0.00, 2970.30
1537903807, 274, jbd2/sda2-8, 0.00, 0.00
1537903807, 27008, umbu, 0.00, 2970.30
1537903808, 27008, umbu, 0.00, 3000.00
1537903809, 26989, collect-cpu-usa, 0.00, 3.96
1537903809, 27008, umbu, 0.00, 2970.30
1537903810, 17960, kworker/u8:5, 0.00, 0.00
1537903810, 22153, kworker/u8:0, 0.00, 0.00
1537903810, 27008, umbu, 0.00, 2970.30
1537903811, 27008, umbu, 0.00, 2970.30
1537903812, 274, jbd2/sda2-8, 0.00, 0.00
1537903812, 24026, kworker/u8:2, 0.00, 0.00
1537903812, 27008, umbu, 0.00, 2970.30
1537903813, 17960, kworker/u8:5, 0.00, 0.00
1537903813, 27008, umbu, 0.00, 2970.30
1537903814, 26989, collect-cpu-usa, 0.00, 3.96
1537903814, 26991, collect-memory-, 0.00, 3.96
1537903814, 27008, umbu, 0.00, 2970.30
1537903815, 27008, umbu, 0.00, 2970.30
1537903816, 27008, umbu, 0.00, 2970.30
1537903817, 274, jbd2/sda2-8, 0.00, 23.76
1537903817, 26988, run, 0.00, 208926.73
