TIMESTAMP, TOTAL, USED, FREE, SHARED, BUFFER/CACHE, AVAILABLE
1537903773, 3916000, 1621768, 887100, 386904, 1407132, 1613788
1537903774, 3916000, 1678284, 758316, 388828, 1479400, 1555380
1537903775, 3916000, 1724492, 715976, 384724, 1475532, 1513120
1537903776, 3916000, 1767076, 673700, 384432, 1475224, 1470844
1537903778, 3916000, 1808716, 632000, 384432, 1475284, 1429144
1537903779, 3916000, 1848940, 591852, 384432, 1475208, 1388996
1537903780, 3916000, 1888780, 551884, 384432, 1475336, 1349052
1537903781, 3916000, 1927940, 512692, 384432, 1475368, 1309860
1537903782, 3916000, 1966676, 474004, 384432, 1475320, 1271180
1537903783, 3916000, 2004532, 433820, 386688, 1477648, 1231000
1537903784, 3916000, 2040704, 399020, 385152, 1476276, 1196228
1537903785, 3916000, 2078264, 361560, 385152, 1476176, 1158776
1537903786, 3916000, 2114536, 325824, 384632, 1475640, 1123048
1537903787, 3916000, 2151664, 288764, 384632, 1475572, 1085972
1537903788, 3916000, 2188016, 252604, 384432, 1475380, 1049812
1537903789, 3916000, 2251932, 188696, 384432, 1475372, 985904
1537903790, 3916000, 2309704, 130912, 384432, 1475384, 928120
1537903791, 3916000, 2348500, 150036, 379420, 1417464, 894432
1537903792, 3916000, 2361620, 136968, 379420, 1417412, 881368
1537903793, 3916000, 2361508, 137068, 379420, 1417424, 881468
1537903794, 3916000, 2361692, 136860, 379420, 1417448, 881264
1537903795, 3916000, 1799468, 693712, 383880, 1422820, 1439040
1537903796, 3916000, 1800488, 689644, 383880, 1425868, 1437924
1537903797, 3916000, 1804372, 682548, 383880, 1429080, 1434008
1537903798, 3916000, 1805160, 676664, 385892, 1434176, 1431096
1537903799, 3916000, 1803128, 679400, 382172, 1433472, 1436848
1537903800, 3916000, 1801864, 677756, 382172, 1436380, 1438136
1537903801, 3916000, 1802544, 674260, 381908, 1439196, 1437772
1537903802, 3916000, 1803160, 670580, 381908, 1442260, 1437008
1537903803, 3916000, 1803700, 667340, 381728, 1444960, 1436604
1537903804, 3916000, 1804304, 663620, 381728, 1448076, 1435944
1537903805, 3916000, 1804088, 660776, 381728, 1451136, 1436112
1537903806, 3916000, 1804336, 657668, 381728, 1453996, 1435916
1537903807, 3916000, 1805208, 653708, 381728, 1457084, 1434940
1537903808, 3916000, 1805564, 650220, 381728, 1460216, 1434516
1537903809, 3916000, 1804844, 647880, 381728, 1463276, 1435188
1537903810, 3916000, 1804928, 644896, 381728, 1466176, 1435040
1537903811, 3916000, 1805748, 641036, 381728, 1469216, 1434240
1537903812, 3916000, 1806620, 633448, 385348, 1475932, 1429660
1537903813, 3916000, 1809644, 630412, 382316, 1475944, 1429688
1537903814, 3916000, 1808796, 628512, 382112, 1478692, 1430632
1537903815, 3916000, 1809244, 625312, 381848, 1481444, 1430492
1537903816, 3916000, 1809216, 622236, 381848, 1484548, 1430428
1537903817, 3916000, 1809720, 618856, 381848, 1487424, 1429940
1537903818, 3916000, 1810452, 615300, 381648, 1490248, 1429520
