TIMESTAMP, PID, COMMAND, KB_READ/S, KB_WRITE/S
1537896000, 941, rsyslogd, 0.00, 3.92
1537896003, 1329, java, 43.56, 0.00
1537896004, 270, jbd2/sda5-8, 0.00, 11.88
1537896004, 703, jbd2/sda6-8, 0.00, 83.17
1537896004, 1329, java, 15.84, 0.00
1537896004, 5170, kworker/u16:0, 3.96, 0.00
1537896004, 8183, collect-memory-, 146.53, 0.00
1537896004, 8272, grep, 39.60, 0.00
1537896004, 8431, firefox, 308.91, 205.94
1537896004, 26960, code, 582.18, 0.00
1537896004, 27010, code, 685.15, 0.00
1537896006, 8181, collect-cpu-usa, 39.60, 0.00
1537896006, 23140, unity-scope-loa, 7.92, 0.00
1537896006, 26960, code, 118.81, 0.00
1537896006, 31739, gnome-software, 3.96, 0.00
1537896007, 1329, java, 11.76, 0.00
1537896007, 22775, unity-scope-loa, 7.84, 0.00
1537896007, 23140, unity-scope-loa, 7.84, 0.00
1537896008, 942, accounts-daemon, 3.96, 0.00
1537896008, 8183, collect-memory-, 3.96, 0.00
1537896009, 5170, kworker/u16:0, 0.00, 0.00
1537896009, 7594, spotify, 23.76, 483.17
1537896009, 22866, chrome, 0.00, 11.88
1537896010, 270, jbd2/sda5-8, 0.00, 0.00
1537896010, 8195, umbu, 2859.41, 0.00
1537896011, 1220, postgres, 130.69, 0.00
1537896011, 8195, umbu, 4087.13, 0.00
1537896011, 8431, firefox, 39.60, 0.00
1537896012, 7594, spotify, 483.17, 7.92
1537896012, 8195, umbu, 4328.71, 0.00
1537896012, 8390, grep, 7.92, 0.00
1537896012, 8391, awk, 3.96, 0.00
1537896013, 7432, kworker/u16:4, 0.00, 0.00
1537896013, 7594, spotify, 0.00, 11.76
1537896013, 8181, collect-cpu-usa, 11.76, 0.00
1537896013, 8195, umbu, 4047.06, 0.00
1537896013, 8406, awk, 3.92, 0.00
1537896014, 703, jbd2/sda6-8, 0.00, 19.80
1537896014, 7594, spotify, 7.92, 51.49
1537896014, 7649, spotify, 59.41, 0.00
1537896014, 8181, collect-cpu-usa, 3.96, 0.00
1537896014, 8183, collect-memory-, 3.96, 0.00
1537896014, 8195, umbu, 3960.40, 0.00
1537896014, 31578, unity-panel-ser, 7.92, 0.00
1537896015, 270, jbd2/sda5-8, 0.00, 0.00
1537896015, 7594, spotify, 0.00, 3.92
1537896015, 8195, umbu, 3921.57, 0.00
1537896016, 1329, java, 7.84, 0.00
1537896016, 7594, spotify, 0.00, 3.92
1537896016, 8195, umbu, 3921.57, 0.00
1537896016, 8489, mpstat, 3.92, 0.00
1537896016, 8491, awk, 3.92, 0.00
1537896016, 8493, free, 11.76, 0.00
1537896017, 5170, kworker/u16:0, 0.00, 0.00
1537896017, 7594, spotify, 0.00, 11.88
1537896017, 8181, collect-cpu-usa, 7.92, 0.00
1537896017, 8195, umbu, 4087.13, 0.00
1537896017, 8501, sleep, 0.00, 0.00
1537896018, 8195, umbu, 3960.40, 0.00
1537896019, 703, jbd2/sda6-8, 0.00, 51.49
1537896019, 941, rsyslogd, 134.65, 3.96
1537896019, 1311, ntpd, 15.84, 0.00
1537896019, 1329, java, 3.96, 0.00
1537896019, 3694, kworker/u16:1, 0.00, 0.00
1537896019, 7594, spotify, 23.76, 0.00
1537896019, 8195, umbu, 3960.40, 0.00
1537896019, 22866, chrome, 237.62, 7.92
1537896020, 8195, umbu, 3960.40, 0.00
1537896020, 23136, chrome, 99.01, 0.00
1537896021, 270, jbd2/sda5-8, 0.00, 3.92
1537896021, 7594, spotify, 31.37, 0.00
1537896021, 8195, umbu, 3921.57, 0.00
1537896021, 22866, chrome, 227.45, 11.76
1537896022, 1220, postgres, 2752.94, 0.00
1537896022, 7594, spotify, 188.24, 0.00
1537896022, 8195, umbu, 3921.57, 0.00
1537896023, 8183, collect-memory-, 3.96, 0.00
1537896023, 8195, umbu, 3592.08, 0.00
1537896023, 8674, mpstat, 3.96, 0.00
1537896023, 8675, grep, 7.92, 0.00
1537896023, 8676, awk, 27.72, 0.00
1537896024, 703, jbd2/sda6-8, 0.00, 0.00
1537896024, 8181, collect-cpu-usa, 39.60, 0.00
1537896024, 8195, umbu, 3960.40, 0.00
1537896024, 8693, awk, 63.37, 0.00
1537896025, 1311, ntpd, 184.31, 0.00
1537896025, 3694, kworker/u16:1, 1286.27, 0.00
1537896025, 7625, spotify, 78.43, 0.00
1537896025, 8181, collect-cpu-usa, 62.75, 0.00
1537896025, 8195, umbu, 3305.88, 0.00
1537896025, 31734, compiz, 129.41, 0.00
1537896026, 270, jbd2/sda5-8, 0.00, 0.00
1537896026, 1329, java, 15.84, 0.00
1537896026, 7594, spotify, 126.73, 0.00
1537896026, 8183, collect-memory-, 261.39, 0.00
1537896026, 8195, umbu, 3833.66, 0.00
1537896026, 22866, chrome, 118.81, 0.00
1537896027, 8195, umbu, 3833.66, 0.00
1537896028, 1329, java, 99.01, 0.00
1537896028, 3498, sublime_text, 114.85, 0.00
1537896028, 8195, umbu, 2899.01, 0.00
1537896028, 8431, firefox, 99.01, 0.00
1537896028, 8757, free, 360.40, 0.00
1537896028, 8758, grep, 673.27, 0.00
1537896028, 8759, collect-memory-, 609.90, 0.00
1537896028, 8957, Web, 324.75, 0.00
1537896030, 82, kswapd0, 0.00, 0.00
1537896030, 270, jbd2/sda5-8, 0.00, 0.00
1537896030, 337, systemd-udevd, 0.00, 0.00
1537896030, 901, systemd-logind, 0.00, 0.00
1537896030, 1329, java, 249.50, 0.00
1537896030, 3498, sublime_text, 1215.84, 0.00
1537896030, 7594, spotify, 502.97, 0.00
1537896030, 7649, spotify, 756.44, 0.00
1537896030, 8183, collect-memory-, 3.96, 0.00
1537896030, 8195, umbu, 0.00, 0.00
1537896030, 8599, Web, 1200.00, 0.00
1537896030, 8789, free, 7.92, 0.00
1537896030, 8957, Web, 178.22, 0.00
1537896030, 9680, Web, 899.01, 0.00
1537896030, 18975, Xorg, 0.00, 0.00
1537896030, 22809, zeitgeist-datah, 3.96, 0.00
1537896030, 22866, chrome, 1120.79, 11.88
1537896030, 23136, chrome, 0.00, 0.00
1537896030, 23158, chrome, 0.00, 0.00
1537896030, 23184, chrome, 0.00, 0.00
1537896030, 23220, chrome, 0.00, 0.00
1537896030, 23351, update-notifier, 273.27, 0.00
1537896030, 31561, unity-settings-, 15.84, 0.00
1537896030, 31676, pulseaudio, 0.00, 0.00
1537896034, 82, kswapd0, 0.00, 0.00
1537896034, 270, jbd2/sda5-8, 0.00, 0.00
1537896034, 703, jbd2/sda6-8, 0.00, 58.82
1537896034, 1329, java, 11.76, 0.00
1537896034, 3694, kworker/u16:1, 0.00, 0.00
1537896034, 7594, spotify, 423.53, 0.00
1537896034, 7649, spotify, 105.88, 0.00
1537896034, 8181, collect-cpu-usa, 82.35, 0.00
1537896034, 8183, collect-memory-, 196.08, 0.00
1537896034, 8195, umbu, 0.00, 0.00
1537896034, 8431, firefox, 988.24, 0.00
1537896034, 8869, sublime_text, 443.14, 0.00
1537896034, 8870, sublime_text, 141.18, 0.00
1537896034, 8957, Web, 839.22, 0.00
1537896034, 22866, chrome, 250.98, 0.00
1537896034, 23136, chrome, 0.00, 0.00
1537896034, 23140, unity-scope-loa, 15.69, 0.00
1537896034, 23158, chrome, 0.00, 0.00
1537896034, 23220, chrome, 0.00, 0.00
1537896034, 26960, code, 384.31, 0.00
1537896034, 27076, code, 125.49, 0.00
1537896034, 31676, pulseaudio, 294.12, 0.00
1537896043, 82, kswapd0, 0.00, 0.00
1537896043, 1329, java, 237.62, 0.00
1537896043, 3694, kworker/u16:1, 0.00, 0.00
1537896043, 7594, spotify, 467.33, 0.00
1537896043, 7649, spotify, 970.30, 0.00
1537896043, 8181, collect-cpu-usa, 0.00, 3.96
1537896043, 8195, umbu, 0.00, 0.00
1537896043, 8869, sublime_text, 2174.26, 0.00
1537896043, 8870, sublime_text, 1809.90, 0.00
1537896043, 8892, grep, 7.92, 0.00
1537896043, 8957, Web, 122.77, 0.00
1537896043, 22809, zeitgeist-datah, 3.96, 0.00
1537896043, 22866, chrome, 649.50, 7.92
1537896043, 23351, update-notifier, 19.80, 0.00
1537896043, 25866, chrome, 225.74, 0.00
1537896043, 26960, code, 126.73, 0.00
1537896043, 27010, code, 99.01, 0.00
1537896043, 31676, pulseaudio, 0.00, 0.00
1537896045, 82, kswapd0, 0.00, 0.00
1537896045, 305, systemd-journal, 0.00, 0.00
1537896045, 703, jbd2/sda6-8, 0.00, 0.00
1537896045, 1329, java, 19.80, 11.88
1537896045, 3694, kworker/u16:1, 0.00, 0.00
1537896045, 7594, spotify, 31.68, 0.00
1537896045, 7649, spotify, 1825.74, 0.00
1537896045, 8181, collect-cpu-usa, 7.92, 3.96
1537896045, 8183, collect-memory-, 0.00, 3.96
1537896045, 8195, umbu, 0.00, 0.00
1537896045, 8869, sublime_text, 510.89, 0.00
1537896045, 8870, sublime_text, 435.64, 0.00
1537896045, 8957, Web, 708.91, 0.00
1537896045, 22866, chrome, 435.64, 11.88
1537896045, 23136, chrome, 118.81, 0.00
1537896045, 27010, code, 1235.64, 0.00
1537896045, 29609, Xorg, 1600.00, 0.00
1537896045, 31676, pulseaudio, 106.93, 0.00
1537896046, 940, avahi-daemon, 66.09, 0.00
1537896046, 1220, postgres, 34.78, 0.00
1537896046, 1329, java, 59.13, 0.00
1537896046, 1350, postgres, 473.04, 0.00
1537896046, 1351, postgres, 90.43, 0.00
1537896046, 3498, sublime_text, 1544.35, 0.00
1537896046, 3694, kworker/u16:1, 0.00, 0.00
1537896046, 7594, spotify, 3106.09, 0.00
1537896046, 7649, spotify, 2132.17, 0.00
1537896046, 8181, collect-cpu-usa, 10.43, 0.00
1537896046, 8431, firefox, 389.57, 0.00
1537896046, 8869, sublime_text, 358.26, 0.00
1537896046, 8870, sublime_text, 83.48, 0.00
1537896046, 8922, free, 288.70, 0.00
1537896046, 8940, sublime_text, 580.87, 0.00
1537896046, 8945, postgres, 111.30, 0.00
1537896046, 8946, stat, 6.96, 0.00
1537896046, 8957, Web, 893.91, 0.00
1537896046, 9680, Web, 914.78, 0.00
1537896046, 22866, chrome, 2511.30, 3.48
1537896046, 24701, gnome-terminal-, 413.91, 0.00
1537896046, 31734, compiz, 1450.43, 0.00
1537896046, 31739, gnome-software, 3.48, 0.00
1537896046, 31755, nautilus, 1286.96, 0.00
1537896051, 82, kswapd0, 0.00, 0.00
1537896051, 305, systemd-journal, 0.00, 0.00
1537896051, 941, rsyslogd, 0.00, 3.96
1537896051, 1329, java, 3.96, 0.00
1537896051, 7594, spotify, 1192.08, 3.96
1537896051, 7649, spotify, 2439.60, 0.00
1537896051, 8183, collect-memory-, 3.96, 0.00
1537896051, 8431, firefox, 2118.81, 0.00
1537896051, 9018, sublime_text, 1295.05, 0.00
1537896051, 9680, Web, 2320.79, 0.00
1537896051, 26960, code, 376.24, 0.00
1537896058, 82, kswapd0, 0.00, 0.00
1537896058, 940, avahi-daemon, 51.49, 0.00
1537896058, 1329, java, 27.72, 0.00
1537896058, 7594, spotify, 1005.94, 0.00
1537896058, 7625, spotify, 380.20, 0.00
1537896058, 7649, spotify, 2768.32, 0.00
1537896058, 8195, umbu, 2570.30, 744.55
1537896058, 8506, Web, 396.04, 0.00
1537896058, 8945, postgres, 253.47, 0.00
1537896058, 8957, Web, 629.70, 0.00
1537896058, 9018, sublime_text, 154.46, 0.00
1537896058, 9052, postgres, 3.96, 0.00
1537896058, 9680, Web, 269.31, 0.00
1537896058, 22866, chrome, 716.83, 0.00
1537896058, 27481, chrome, 110.89, 0.00
1537896058, 28696, chrome, 126.73, 0.00
1537896058, 29609, Xorg, 174.26, 0.00
1537896058, 31634, indicator-sound, 102.97, 0.00
1537896058, 31676, pulseaudio, 130.69, 0.00
1537896058, 31734, compiz, 994.06, 0.00
1537896058, 31755, nautilus, 190.10, 0.00
1537896059, 1, systemd, 994.06, 0.00
1537896059, 305, systemd-journal, 0.00, 0.00
1537896059, 942, accounts-daemon, 518.81, 0.00
1537896059, 1329, java, 150.50, 0.00
1537896059, 7594, spotify, 491.09, 0.00
1537896059, 7625, spotify, 59.41, 0.00
1537896059, 7649, spotify, 526.73, 0.00
1537896059, 8195, umbu, 621.78, 495.05
1537896059, 8506, Web, 415.84, 0.00
1537896059, 8869, sublime_text, 150.50, 0.00
1537896059, 8870, sublime_text, 27.72, 0.00
1537896059, 8945, postgres, 605.94, 0.00
1537896059, 8957, Web, 126.73, 0.00
1537896059, 9018, sublime_text, 344.55, 0.00
1537896059, 9052, postgres, 130.69, 0.00
1537896059, 9680, Web, 225.74, 0.00
1537896059, 22492, indicator-datet, 320.79, 0.00
1537896059, 22866, chrome, 796.04, 3.96
1537896059, 23158, chrome, 479.21, 0.00
1537896059, 29609, Xorg, 530.69, 0.00
1537896059, 31578, unity-panel-ser, 75.25, 0.00
1537896059, 31627, indicator-datet, 289.11, 0.00
1537896059, 31634, indicator-sound, 0.00, 0.00
1537896059, 31734, compiz, 946.53, 0.00
1537896059, 31755, nautilus, 154.46, 0.00
1537896060, 270, jbd2/sda5-8, 0.00, 0.00
1537896060, 942, accounts-daemon, 1247.52, 0.00
1537896060, 1087, polkitd, 582.18, 0.00
1537896060, 7432, kworker/u16:4, 0.00, 0.00
1537896060, 7594, spotify, 538.61, 0.00
1537896060, 7625, spotify, 693.07, 0.00
1537896060, 8195, umbu, 495.05, 0.00
1537896060, 8431, firefox, 681.19, 0.00
1537896060, 8506, Web, 3413.86, 0.00
1537896060, 8869, sublime_text, 99.01, 0.00
1537896060, 8870, sublime_text, 174.26, 0.00
1537896060, 8945, postgres, 1227.72, 0.00
1537896060, 8957, Web, 1532.67, 0.00
1537896060, 9018, sublime_text, 11.88, 0.00
1537896060, 9052, postgres, 122.77, 0.00
1537896060, 9680, Web, 1445.54, 0.00
1537896060, 22413, unity-settings-, 356.44, 0.00
1537896060, 22436, unity-panel-ser, 0.00, 0.00
1537896060, 22866, chrome, 1623.76, 3.96
1537896060, 23158, chrome, 1140.59, 0.00
1537896060, 29609, Xorg, 293.07, 0.00
1537896060, 31578, unity-panel-ser, 110.89, 0.00
1537896060, 31634, indicator-sound, 79.21, 0.00
1537896060, 31734, compiz, 2237.62, 0.00
1537896060, 31755, nautilus, 190.10, 0.00
1537896061, 894, cron, 308.91, 0.00
1537896061, 1329, java, 83.17, 0.00
1537896061, 7594, spotify, 19.80, 0.00
1537896061, 7649, spotify, 1801.98, 0.00
1537896061, 8195, umbu, 871.29, 495.05
1537896061, 8506, Web, 677.23, 0.00
1537896061, 8869, sublime_text, 31.68, 0.00
1537896061, 8870, sublime_text, 241.58, 0.00
1537896061, 8945, postgres, 780.20, 0.00
1537896061, 8957, Web, 455.45, 0.00
1537896061, 9018, sublime_text, 87.13, 0.00
1537896061, 9052, postgres, 439.60, 0.00
1537896061, 22413, unity-settings-, 95.05, 0.00
1537896061, 22436, unity-panel-ser, 118.81, 0.00
1537896061, 22866, chrome, 3548.51, 99.01
1537896061, 23158, chrome, 1695.05, 0.00
1537896061, 29609, Xorg, 126.73, 0.00
1537896061, 29707, unity-panel-ser, 166.34, 0.00
1537896061, 31578, unity-panel-ser, 83.17, 0.00
1537896061, 31734, compiz, 1592.08, 0.00
1537896061, 31755, nautilus, 451.49, 0.00
1537896062, 305, systemd-journal, 0.00, 0.00
1537896062, 7594, spotify, 1176.24, 0.00
1537896062, 7649, spotify, 1687.13, 0.00
1537896062, 8181, collect-cpu-usa, 0.00, 3.96
1537896062, 8195, umbu, 2233.66, 1239.60
1537896062, 8431, firefox, 95.05, 0.00
1537896062, 8506, Web, 1738.61, 0.00
1537896062, 8869, sublime_text, 289.11, 0.00
1537896062, 8870, sublime_text, 134.65, 0.00
1537896062, 8945, postgres, 685.15, 0.00
1537896062, 8957, Web, 1920.79, 0.00
1537896062, 9018, sublime_text, 269.31, 0.00
1537896062, 9052, postgres, 506.93, 0.00
1537896062, 22866, chrome, 2000.00, 23.76
1537896062, 23136, chrome, 47.52, 0.00
1537896062, 29609, Xorg, 43.56, 0.00
1537896062, 31734, compiz, 158.42, 0.00
1537896063, 1220, postgres, 8784.16, 0.00
1537896063, 7594, spotify, 732.67, 0.00
1537896063, 7649, spotify, 3069.31, 0.00
1537896063, 8195, umbu, 2221.78, 1235.64
1537896063, 8869, sublime_text, 380.20, 0.00
1537896063, 8870, sublime_text, 166.34, 0.00
1537896063, 9018, sublime_text, 403.96, 0.00
1537896063, 9680, Web, 87.13, 0.00
1537896063, 22866, chrome, 3940.59, 35.64
1537896063, 26974, gconfd-2, 174.26, 0.00
1537896064, 1191, notify-osd, 324.75, 0.00
1537896064, 7594, spotify, 134.65, 0.00
1537896064, 7649, spotify, 2435.64, 0.00
1537896064, 8195, umbu, 1738.61, 744.55
1537896064, 8869, sublime_text, 396.04, 0.00
1537896064, 8870, sublime_text, 190.10, 0.00
1537896064, 9018, sublime_text, 562.38, 0.00
1537896064, 22866, chrome, 2110.89, 35.64
1537896064, 26960, code, 3299.01, 0.00
1537896064, 27010, code, 1409.90, 0.00
1537896064, 31314, gnome-keyring-d, 253.47, 0.00
1537896064, 31404, dbus-daemon, 63.37, 0.00
1537896064, 31569, gnome-session-b, 209.90, 0.00
1537896064, 31652, indicator-appli, 43.56, 0.00
1537896064, 32152, zeitgeist-daemo, 201.98, 0.00
1537896064, 32159, zeitgeist-fts, 130.69, 0.00
1537896065, 7432, kworker/u16:4, 0.00, 0.00
1537896065, 7594, spotify, 313.73, 0.00
1537896065, 7649, spotify, 3831.37, 0.00
1537896065, 8195, umbu, 2941.18, 1470.59
1537896065, 8869, sublime_text, 164.71, 0.00
1537896065, 8870, sublime_text, 576.47, 0.00
1537896065, 9018, sublime_text, 184.31, 0.00
1537896065, 26960, code, 3447.06, 0.00
1537896065, 31314, gnome-keyring-d, 66.67, 0.00
1537896066, 270, jbd2/sda5-8, 0.00, 0.00
1537896066, 305, systemd-journal, 0.00, 0.00
1537896066, 703, jbd2/sda6-8, 0.00, 0.00
1537896066, 3498, sublime_text, 13940.59, 0.00
1537896066, 7594, spotify, 1314.85, 0.00
1537896066, 7649, spotify, 1469.31, 0.00
1537896066, 8195, umbu, 4950.50, 2475.25
1537896066, 9018, sublime_text, 245.54, 0.00
1537896066, 23124, unity-scope-hom, 126.73, 0.00
1537896066, 29609, Xorg, 106.93, 0.00
1537896066, 31559, hud-service, 1128.71, 0.00
1537896067, 3498, sublime_text, 4102.97, 3.96
1537896067, 7594, spotify, 3243.56, 0.00
1537896067, 8195, umbu, 4697.03, 2225.74
1537896067, 31559, hud-service, 253.47, 0.00
1537896068, 305, systemd-journal, 0.00, 0.00
1537896068, 941, rsyslogd, 0.00, 3.96
1537896068, 7594, spotify, 2629.70, 0.00
1537896068, 8195, umbu, 4213.86, 2229.70
1537896068, 22866, chrome, 506.93, 0.00
1537896068, 23488, chrome, 1409.90, 0.00
1537896069, 3694, kworker/u16:1, 0.00, 0.00
1537896069, 7594, spotify, 1227.72, 0.00
1537896069, 7649, spotify, 2075.25, 0.00
1537896069, 8195, umbu, 5192.08, 2720.79
1537896069, 22400, gpg-agent, 435.64, 0.00
1537896069, 22866, chrome, 1976.24, 0.00
1537896069, 23488, chrome, 2649.50, 0.00
1537896070, 1220, postgres, 130.69, 0.00
1537896070, 7594, spotify, 1671.29, 0.00
1537896070, 7649, spotify, 0.00, 0.00
1537896070, 8195, umbu, 3718.81, 1734.65
1537896070, 9680, Web, 459.41, 0.00
1537896071, 270, jbd2/sda5-8, 0.00, 0.00
1537896071, 362, loop0, 574.26, 0.00
1537896071, 1005, snapd, 300.00, 0.00
1537896071, 5170, kworker/u16:0, 0.00, 0.00
1537896071, 7594, spotify, 760.40, 0.00
1537896071, 8195, umbu, 990.10, 495.05
1537896071, 8431, firefox, 2922.77, 43.56
1537896071, 9680, Web, 574.26, 0.00
1537896071, 26960, code, 1239.60, 3.96
1537896071, 27076, code, 3005.94, 0.00
1537896071, 31755, nautilus, 3.96, 0.00
1537896072, 362, loop0, 237.62, 0.00
1537896072, 703, jbd2/sda6-8, 0.00, 130.69
1537896072, 1005, snapd, 115.84, 0.00
1537896072, 7594, spotify, 4087.13, 0.00
1537896072, 8195, umbu, 3960.40, 1980.20
1537896072, 8431, firefox, 146.53, 289.11
1537896072, 9680, Web, 491.09, 0.00
1537896072, 22866, chrome, 142.57, 27.72
1537896074, 7594, spotify, 5045.54, 0.00
1537896074, 8195, umbu, 3960.40, 1980.20
1537896074, 8431, firefox, 419.80, 0.00
1537896074, 24701, gnome-terminal-, 530.69, 0.00
1537896074, 29609, Xorg, 63.37, 0.00
1537896074, 31418, window-stack-br, 1017.82, 0.00
1537896074, 31488, bamfdaemon, 546.53, 0.00
1537896074, 31500, ibus-daemon, 332.67, 0.00
1537896074, 31524, ibus-ui-gtk3, 201.98, 0.00
1537896074, 31559, hud-service, 780.20, 0.00
1537896074, 31578, unity-panel-ser, 102.97, 0.00
1537896074, 31630, indicator-keybo, 138.61, 0.00
1537896074, 31734, compiz, 459.41, 0.00
1537896074, 31755, nautilus, 649.50, 0.00
1537896075, 703, jbd2/sda6-8, 0.00, 3.96
1537896075, 8195, umbu, 5687.13, 2720.79
1537896075, 8431, firefox, 439.60, 0.00
1537896075, 22866, chrome, 491.09, 51.49
1537896076, 2017, gvfsd-http, 883.17, 0.00
1537896076, 8195, umbu, 5940.59, 2970.30
1537896076, 31734, compiz, 312.87, 0.00
1537896077, 270, jbd2/sda5-8, 0.00, 0.00
1537896077, 305, systemd-journal, 0.00, 0.00
1537896077, 7594, spotify, 250.98, 3.92
1537896077, 8183, collect-memory-, 0.00, 3.92
1537896077, 8195, umbu, 5152.94, 2698.04
1537896078, 3694, kworker/u16:1, 7.84, 0.00
1537896078, 7649, spotify, 50.98, 0.00
1537896078, 8183, collect-memory-, 0.00, 3.92
1537896078, 8195, umbu, 4901.96, 2450.98
1537896078, 27055, code, 372.55, 0.00
1537896079, 1329, java, 0.00, 11.76
1537896079, 7594, spotify, 137.25, 0.00
1537896079, 8181, collect-cpu-usa, 0.00, 7.84
1537896079, 8195, umbu, 4901.96, 2450.98
1537896079, 9397, gnome-terminal, 7274.51, 0.00
1537896079, 23136, chrome, 694.12, 0.00
1537896079, 31316, upstart, 286.27, 3.92
1537896079, 31488, bamfdaemon, 407.84, 0.00
1537896079, 31734, compiz, 3.92, 0.00
1537896079, 32141, zeitgeist-datah, 125.49, 0.00
1537896080, 703, jbd2/sda6-8, 0.00, 95.05
1537896080, 5170, kworker/u16:0, 0.00, 0.00
1537896080, 7594, spotify, 126.73, 0.00
1537896080, 8195, umbu, 5687.13, 2720.79
1537896080, 8431, firefox, 43.56, 0.00
1537896080, 9397, gnome-terminal, 1782.18, 0.00
1537896080, 9416, gnome-terminal., 5334.65, 0.00
1537896080, 9426, bash, 71.29, 0.00
1537896080, 22866, chrome, 71.29, 11.88
1537896080, 24701, gnome-terminal-, 811.88, 0.00
1537896080, 31404, dbus-daemon, 277.23, 0.00
1537896080, 31418, window-stack-br, 126.73, 0.00
1537896080, 31488, bamfdaemon, 15.84, 0.00
1537896080, 31509, gvfsd, 31.68, 0.00
1537896080, 31734, compiz, 110.89, 0.00
1537896081, 937, acpid, 47.06, 0.00
1537896081, 8195, umbu, 4901.96, 2450.98
1537896081, 9426, bash, 1917.65, 0.00
1537896081, 29609, Xorg, 43.14, 0.00
1537896081, 31316, upstart, 14564.71, 0.00
1537896081, 31418, window-stack-br, 545.10, 0.00
1537896081, 31488, bamfdaemon, 3.92, 0.00
1537896081, 31559, hud-service, 2811.76, 0.00
1537896081, 31578, unity-panel-ser, 11.76, 0.00
1537896082, 270, jbd2/sda5-8, 0.00, 11.76
1537896082, 8195, umbu, 5152.94, 2698.04
1537896082, 9426, bash, 129.41, 0.00
1537896082, 9464, htop, 490.20, 0.00
1537896082, 9470, postgres, 3.92, 0.00
1537896082, 22866, chrome, 0.00, 11.76
1537896082, 23140, unity-scope-loa, 125.49, 0.00
1537896083, 1220, postgres, 137.25, 0.00
1537896083, 8195, umbu, 5882.35, 2941.18
1537896083, 24701, gnome-terminal-, 439.22, 0.00
1537896083, 29609, Xorg, 141.18, 0.00
1537896084, 7594, spotify, 126.73, 0.00
1537896084, 8195, umbu, 5687.13, 2720.79
1537896085, 703, jbd2/sda6-8, 0.00, 11.88
1537896085, 8195, umbu, 5687.13, 2720.79
1537896086, 703, jbd2/sda6-8, 0.00, 7.92
1537896086, 1311, ntpd, 106.93, 0.00
1537896086, 7594, spotify, 11.88, 7.92
1537896086, 8195, umbu, 5572.28, 2970.30
1537896086, 8957, Web, 67.33, 0.00
1537896086, 22866, chrome, 3437.62, 9017.82
1537896087, 941, rsyslogd, 133.33, 3.92
1537896087, 1311, ntpd, 360.78, 0.00
1537896087, 8195, umbu, 5882.35, 2941.18
1537896088, 1329, java, 7.92, 0.00
1537896088, 5170, kworker/u16:0, 3.96, 0.00
1537896088, 8195, umbu, 5203.96, 2728.71
1537896088, 9680, Web, 1437.62, 0.00
1537896088, 22866, chrome, 0.00, 3.96
1537896089, 7594, spotify, 15.84, 0.00
1537896089, 8195, umbu, 5940.59, 2970.30
1537896089, 9680, Web, 67.33, 0.00
1537896089, 31734, compiz, 55.45, 0.00
1537896090, 7594, spotify, 125.49, 0.00
1537896090, 8195, umbu, 4901.96, 2450.98
1537896091, 703, jbd2/sda6-8, 0.00, 79.21
1537896091, 8195, umbu, 5687.13, 2720.79
1537896091, 8599, Web, 126.73, 0.00
1537896091, 23351, update-notifier, 59.41, 0.00
1537896092, 270, jbd2/sda5-8, 0.00, 3.96
1537896092, 1329, java, 2285.15, 0.00
1537896092, 3694, kworker/u16:1, 0.00, 0.00
1537896092, 8195, umbu, 5687.13, 2720.79
1537896092, 8599, Web, 7.92, 0.00
1537896092, 8957, Web, 23.76, 0.00
1537896093, 305, systemd-journal, 0.00, 0.00
1537896093, 8195, umbu, 5940.59, 2970.30
1537896094, 1220, postgres, 205.94, 0.00
1537896094, 7432, kworker/u16:4, 0.00, 0.00
1537896094, 8195, umbu, 5940.59, 2970.30
1537896095, 7594, spotify, 122.77, 0.00
1537896095, 8195, umbu, 5940.59, 2970.30
1537896096, 703, jbd2/sda6-8, 0.00, 0.00
1537896096, 8195, umbu, 5882.35, 2941.18
1537896097, 270, jbd2/sda5-8, 0.00, 0.00
1537896097, 305, systemd-journal, 0.00, 0.00
1537896097, 7594, spotify, 126.73, 0.00
1537896097, 8195, umbu, 5203.96, 2724.75
1537896097, 8957, Web, 792.08, 0.00
1537896098, 8195, umbu, 5203.96, 2724.75
1537896098, 8957, Web, 194.06, 0.00
1537896098, 22866, chrome, 637.62, 0.00
1537896098, 28621, chrome, 63.37, 0.00
1537896099, 7594, spotify, 11.76, 0.00
1537896099, 8195, umbu, 5152.94, 2698.04
1537896100, 7432, kworker/u16:4, 0.00, 0.00
1537896100, 8195, umbu, 5940.59, 2970.30
1537896100, 8431, firefox, 843.56, 213.86
1537896100, 9680, Web, 281.19, 0.00
1537896101, 703, jbd2/sda6-8, 0.00, 7.92
1537896101, 8195, umbu, 5940.59, 2970.30
1537896102, 270, jbd2/sda5-8, 0.00, 0.00
1537896102, 8195, umbu, 5940.59, 2970.30
1537896102, 8957, Web, 106.93, 0.00
1537896103, 8195, umbu, 5940.59, 2970.30
1537896103, 22866, chrome, 0.00, 3.96
1537896103, 25866, chrome, 190.10, 0.00
1537896105, 7594, spotify, 126.73, 0.00
1537896105, 8195, umbu, 5940.59, 2970.30
1537896105, 22866, chrome, 0.00, 27.72
1537896106, 3694, kworker/u16:1, 0.00, 0.00
1537896106, 8195, umbu, 5687.13, 2720.79
1537896107, 305, systemd-journal, 0.00, 0.00
1537896107, 703, jbd2/sda6-8, 0.00, 0.00
1537896107, 7594, spotify, 0.00, 3.96
1537896107, 8195, umbu, 4950.50, 2475.25
1537896107, 8957, Web, 67.33, 0.00
1537896108, 270, jbd2/sda5-8, 0.00, 0.00
1537896108, 8195, umbu, 5152.94, 2698.04
1537896108, 22866, chrome, 172.55, 0.00
1537896109, 1329, java, 0.00, 11.88
1537896109, 3694, kworker/u16:1, 3.96, 0.00
1537896109, 8195, umbu, 5940.59, 2970.30
1537896110, 305, systemd-journal, 0.00, 0.00
1537896110, 7594, spotify, 15.84, 0.00
1537896110, 8181, collect-cpu-usa, 0.00, 7.92
1537896110, 8183, collect-memory-, 0.00, 3.96
1537896110, 8195, umbu, 5687.13, 2720.79
1537896110, 22866, chrome, 3.96, 3.96
1537896111, 1329, java, 0.00, 7.92
1537896111, 5170, kworker/u16:0, 3.96, 0.00
1537896111, 8179, run, 334653.47, 371489.11
1537896111, 9943, R, 198.02, 0.00
1537896111, 9947, R, 15.84, 0.00
1537896111, 9948, sed, 3.96, 0.00
1537896111, 22866, chrome, 0.00, 19.80
1537896111, 31316, upstart, 0.00, 3.96
