TIMESTAMP, TOTAL, USED, FREE, SHARED, BUFFER/CACHE, AVAILABLE
1537896000, 8079476, 5475488, 222408, 1269768, 2381580, 1032136
1537896001, 8079476, 5528744, 169156, 1269540, 2381576, 979092
1537896002, 8079476, 5570680, 130308, 1266416, 2378488, 940248
1537896003, 8079476, 5599216, 125056, 1265144, 2355204, 900840
1537896004, 8079476, 5628972, 119020, 1265608, 2331484, 861860
1537896005, 8079476, 5671376, 133616, 1265296, 2274484, 817840
1537896006, 8079476, 5706824, 128436, 1265136, 2244216, 782692
1537896007, 8079476, 5743484, 124976, 1265080, 2211016, 746016
1537896008, 8079476, 5778752, 134832, 1264792, 2165892, 711100
1537896009, 8079476, 5814812, 134340, 1264404, 2130324, 675652
1537896010, 8079476, 5851768, 120220, 1260804, 2107488, 642216
1537896011, 8079476, 5884744, 127992, 1256740, 2066740, 613664
1537896012, 8079476, 5917992, 133268, 1256736, 2028216, 580944
1537896013, 8079476, 5952012, 136276, 1255712, 1991188, 548384
1537896014, 8079476, 5983828, 129992, 1256280, 1965656, 516556
1537896015, 8079476, 6015152, 124140, 1261320, 1940184, 480568
1537896016, 8079476, 6046488, 122660, 1257956, 1910328, 452920
1537896017, 8079476, 6078848, 129972, 1258064, 1870656, 420404
1537896018, 8079476, 6113860, 122664, 1258236, 1842952, 371024
1537896019, 8079476, 6146792, 123080, 1257680, 1809604, 338556
1537896020, 8079476, 6178044, 129064, 1254948, 1772368, 309960
1537896021, 8079476, 6206832, 120200, 1255400, 1752444, 280968
1537896022, 8079476, 6237616, 131296, 1255276, 1710564, 250028
1537896023, 8079476, 6268044, 119084, 1254744, 1692348, 220432
1537896024, 8079476, 6299516, 122416, 1254888, 1657544, 188692
1537896025, 8079476, 6329864, 130480, 1254888, 1619132, 158628
1537896026, 8079476, 6355068, 125932, 1255320, 1598476, 132976
1537896027, 8079476, 6387732, 135072, 1254264, 1556672, 110776
1537896028, 8079476, 6418564, 120648, 1254708, 1540264, 88260
1537896029, 8079476, 6449664, 131956, 1254696, 1497856, 78312
1537896031, 8079476, 6591624, 127324, 1131936, 1360528, 61980
1537896034, 8079476, 6641216, 131416, 1083064, 1306844, 64172
1537896036, 8079476, 6578616, 182824, 1081652, 1318036, 121916
1537896037, 8079476, 6659080, 124748, 1056824, 1295648, 64512
1537896038, 8079476, 6677964, 114656, 1044536, 1286856, 56620
1537896039, 8079476, 6676044, 101760, 1044536, 1301672, 51184
1537896040, 8079476, 6676252, 117176, 1023984, 1286048, 68620
1537896042, 8079476, 6750100, 101784, 985940, 1227592, 43208
1537896043, 8079476, 6759600, 109396, 964692, 1210480, 52500
1537896044, 8079476, 6768012, 127268, 938324, 1184196, 70316
1537896045, 8079476, 6726408, 178788, 922348, 1174280, 124936
1537896049, 8079476, 6837628, 121864, 874856, 1119984, 64736
1537896053, 8079476, 6836300, 133980, 851096, 1109196, 83392
1537896055, 8079476, 6857336, 110500, 839732, 1111640, 65952
1537896056, 8079476, 6853368, 122616, 827060, 1103492, 80648
1537896058, 8079476, 6853740, 103024, 827044, 1122712, 70728
1537896059, 8079476, 5864496, 1109576, 804988, 1105404, 1080096
1537896060, 8079476, 5865052, 1100248, 804988, 1114176, 1075224
1537896061, 8079476, 5865176, 1081612, 805504, 1132688, 1065832
1537896062, 8079476, 5866292, 1073836, 797184, 1139348, 1073124
1537896063, 8079476, 5866652, 1059292, 797280, 1153532, 1072560
1537896064, 8079476, 5865640, 1045200, 797500, 1168636, 1073544
1537896065, 8079476, 5863280, 1034764, 796832, 1181432, 1075812
1537896066, 8079476, 5869284, 1013848, 798380, 1196344, 1069220
1537896067, 8079476, 5871576, 1000460, 798460, 1207440, 1066956
1537896068, 8079476, 5859776, 999028, 798684, 1220672, 1078856
1537896069, 8079476, 5860964, 991536, 798172, 1226976, 1079992
1537896070, 8079476, 5860364, 979452, 798172, 1239660, 1080464
1537896071, 8079476, 5861572, 962688, 798172, 1255216, 1096468
1537896072, 8079476, 5861596, 956504, 798176, 1261376, 1097232
1537896073, 8079476, 5861208, 942136, 798256, 1276132, 1096996
1537896074, 8079476, 5860796, 931756, 797804, 1286924, 1099216
1537896075, 8079476, 5861420, 909020, 803696, 1309036, 1092652
1537896076, 8079476, 5861372, 892124, 812040, 1325980, 1084352
1537896077, 8079476, 5861880, 885868, 807960, 1331728, 1087812
1537896078, 8079476, 5861484, 882372, 803468, 1335620, 1092596
1537896079, 8079476, 5856308, 886804, 795156, 1336364, 1113588
1537896080, 8079476, 5862096, 864300, 795216, 1353080, 1107716
1537896081, 8079476, 5867008, 833600, 804408, 1378868, 1094064
1537896082, 8079476, 5859524, 831784, 800284, 1388168, 1105548
1537896083, 8079476, 5860348, 824856, 796848, 1394272, 1108220
1537896084, 8079476, 5860812, 811652, 796032, 1407012, 1106392
1537896085, 8079476, 5860400, 803068, 795956, 1416008, 1106532
1537896086, 8079476, 5860420, 795524, 795776, 1423532, 1107020
1537896087, 8079476, 5868280, 769504, 795776, 1441692, 1098696
1537896088, 8079476, 5861116, 764080, 795268, 1454280, 1106588
1537896089, 8079476, 5840456, 775416, 796016, 1463604, 1126432
1537896090, 8079476, 5836172, 768708, 797176, 1474596, 1129556
1537896091, 8079476, 5836300, 745860, 812084, 1497316, 1114560
1537896092, 8079476, 5836224, 746264, 804260, 1496988, 1122556
1537896093, 8079476, 5837440, 737904, 801944, 1504132, 1123620
1537896094, 8079476, 5836880, 732552, 796776, 1510044, 1129176
1537896095, 8079476, 5837432, 723224, 796508, 1518820, 1128848
1537896096, 8079476, 5836944, 713172, 797788, 1529360, 1128040
1537896097, 8079476, 5837552, 705380, 796512, 1536544, 1128264
1537896098, 8079476, 5837676, 696672, 796260, 1545128, 1128864
1537896099, 8079476, 5780860, 742432, 797540, 1556184, 1184328
1537896100, 8079476, 5781460, 733288, 796744, 1564728, 1184488
1537896101, 8079476, 5782736, 722460, 796776, 1574280, 1183124
1537896102, 8079476, 5783344, 712676, 796524, 1583456, 1182268
1537896103, 8079476, 5777364, 709868, 796524, 1592244, 1188556
1537896104, 8079476, 5777048, 701376, 796268, 1601052, 1189060
1537896105, 8079476, 5777104, 692080, 796272, 1610292, 1189008
1537896106, 8079476, 5777484, 683740, 796272, 1618252, 1188788
1537896107, 8079476, 5776824, 675604, 796276, 1627048, 1189252
1537896108, 8079476, 5776504, 664816, 799404, 1638156, 1186552
1537896109, 8079476, 5776628, 654492, 800756, 1648356, 1185000
1537896110, 8079476, 5776440, 651276, 796348, 1651760, 1189724
1537896111, 8079476, 5777480, 636960, 800292, 1665036, 1184612
